SiO2 melt, Natom=300                                           37    1
    300  2      1000      1000      1000   21  200    1    0 1001 1001      
  O     SI  
   200   100
     1   201
   200   300
    300.00   -1.0000    300.00    .00010    .00010    .00010
  .200E-14           17.685610 15.844048 15.475032   .000000   .000000   .000000
  2.300708             .310266   .000000   .000000   .000000   .000000   .000000
 .4943653 .5406929 .7894748 5.0586675.0848935.072808   .488511  .555427  .780399
 .2884694 .6145185 .1552740 5.0664614.9868425.004701   .288864  .617694  .153796
 .0576628 .6690409 .9973490 5.0153514.8852704.990995   .049352  .674224  .991310
 .5061829 .5020546 .1676432 4.9286915.0868175.069179   .503678  .491615  .173324
 .6342826 .2659224 .5422656 4.9876294.9969074.842532   .637353  .266139  .558227
 .7232635 .7172975 .6827109 5.1264265.0681415.021686   .720175  .721859  .682469
 .4351702 .2542757 .8526261 4.8728714.9815094.882543   .445267  .249084  .850762
 .2475948 .7642534 .0783565 4.9809575.1152974.900102   .236759  .761475  .073873
 .7542005 .1469593 .0765048 4.9762235.0165754.950702   .746165  .152087  .065128
 .6239878 .5646445 .8712210 5.0721624.9678714.951329   .621403  .567854  .870112
 .2290578 .6019238 .6272792 5.1380404.9856174.976121   .224274  .615747  .617688
 .5966026 .6420425 .7194253 4.9413854.9535764.970080   .599331  .640706  .707969
 .3612417 .3913798 .3812504 5.0182565.1401995.080476   .354456  .404872  .376187
 .4836282 .1102027 .6428632 5.0055694.9827074.961944   .506740  .102291  .646406
 .6722275 .2756272 .0272811 5.0739455.0070144.996613   .678367  .293795  .024945
 .8608800 .0872384 .9922777 4.9642515.1418114.818974   .857009  .085827  .990482
 .7132870 .7232150 .8417668 4.9196924.9465984.979781   .709351  .735395  .843670
 .0383836 .1311283 .8026503 4.9436144.9503974.942809   .045770  .131281  .811596
 .1516361 .7098923 .3388920 4.9799614.9574315.175636   .154007  .713092  .324642
 .5387656 .3610402 .6229681 5.0214125.0805404.935582   .537992  .348584  .640131
 .5873757 .8061421 .6949935 5.0222884.9469204.967369   .581945  .798781  .683289
 .6410746 .7634103 .1337126 4.9572524.8458734.933445   .632772  .774944  .144989
 .3231180 .0111515 .6145895 5.0363194.9554864.930195   .316269  .016614  .609124
 .6254448 .9238680 .1793235 4.8311675.1331045.074157   .626885  .938817  .173991
 .3002730 .9867784 .8530950 4.9794874.9642444.980359   .302312  .978391  .852956
 .6137907 .4773055 .7238176 5.0215844.8965095.017775   .600876  .475876  .727147
 .4554840 .3706585 .2534072 5.0406434.9497614.907166   .454880  .362591  .257604
 .5848095 .9998203 .4559814 4.9653525.1276894.874340   .583255  .987461  .458973
 .3369432 .8527680 .7749930 5.0237015.0708685.097038   .327825  .829205  .787946
 .3873180 .9566427 .0344100 4.9984035.0920784.937074   .390303  .966335  .034911
 .8636722 .2694039 .2359049 4.9245444.9817805.076092   .861363  .277886  .238256
 .6697264 .4189605 .5646702 5.0892594.9072494.994609   .673062  .421427  .559827
 .2169965 .1176636 .5864076 4.9915044.9275564.990042   .222963  .137740  .591707
 .9113656 .7021762 .2495157 5.1552315.0297514.952987   .888628  .708209  .249651
 .4824105 .9430742 .3945424 5.0286125.0623964.972363   .473653  .932573  .402748
 .8696062 .8003471 .6061020 4.9571535.0050524.793751   .883319  .801729  .604415
 .5115521 .9845663 .9268127 5.1110514.9594635.148576   .511526  .970823  .926672
 .8603860 .9016264 .0150951 5.0039454.9529244.962005   .859340  .902609  .023747
 .1094511 .6895213 .6730881 4.9992874.9873664.978308   .098959  .697236  .658852
 .1794902 .3416190 .9854965 4.9986985.1234374.988477   .172351  .348855  .982125
 .7356338 .9995369 .0085544 4.8968764.9210935.178084   .728699 1.004587  .008237
 .5358839 .0451673 .0952420 5.1095654.9512925.068819   .524550  .049640  .107678
 .5053646 .9482010 .7048846 5.0000175.0375105.109471   .518353  .944569  .696788
 .6618774 .6097526 .1733500 5.0109214.9531195.205421   .658776  .612233  .169185
 .4638019 .6674246 .9506307 4.9402134.9712705.099596   .465831  .666433  .951969
 .6662585 .3231613 .6951205 5.1067935.1310495.022900   .669773  .334487  .701399
 .5210633 .8916574 .0662882 5.1056684.9334564.958779   .519989  .901152  .071559
 .0048416 .4368897 .6409195 4.9472145.0628794.960593   .011682  .433394  .638740
 .0859533 .0909006 .5100738 4.9788135.0182945.059212   .085455  .093474  .521162
 .6254002 .7194936 .5639827 4.9359995.0111334.840519   .635574  .719805  .553595
 .7071369 .4553267 .1842811 4.9748414.9144364.921239   .706507  .450479  .192308
 .5748674 .7691299 .8938921 5.0660494.9801234.996353   .571622  .777524  .903003
 .9762804 .8114907 .0236597 5.0977635.0564634.935347   .976269  .817621  .019550
 .3324512 .1390235 .8880847 5.0369054.9021275.003250   .347545  .130575  .887112
 .9604449 .6527928 .8715465 5.1108324.9597325.130251   .963254  .648772  .864627
 .5611207 .2010324 .0962632 5.0449834.9850674.958997   .576247  .199655  .087668
 .9025608 .6942188 .4806356 4.9098565.1499505.046591   .921389  .693119  .480672
 .9658333 .0114645 .4317425 4.9648004.8609254.989207   .974732  .011024  .430057
 .8867783 .3997005 .7347919 4.9999804.8632954.911570   .886844  .393522  .723758
 .3258787 .5966676 .3236950 5.0824505.1149295.001659   .311838  .600414  .322839
 .8426954 .2531674 .7650931 4.9837825.1217604.916070   .844121  .239705  .754126
 .5540349 .5224496 .5309328 5.0832354.9125765.040232   .554118  .530290  .520597
 .5514674 .3588752 .4460528 5.0713494.9203165.083075   .556518  .347066  .453176
 .5953160 .8376065 .3968354 5.0863014.9177714.959077   .577974  .818914  .401041
 .0506510 .7911227 .4433371 5.0318394.9516205.036100   .058130  .803107  .406574
 .2456614 .8459212 .9145964 5.0329655.1583254.950122   .228630  .843257  .914827
 .0957860 .5985324 .1371942 4.9352324.9879844.975729   .088460  .608276  .136084
 .1993567 .9111485 .7629440 4.9708155.1231024.944471   .206425  .907168  .757414
 .4409399 .7438961 .8065375 5.0329224.9284484.936759   .444351  .740599  .816499
 .4423144 .8335112 .9377795 5.1021845.0443164.985316   .443130  .829040  .958471
 .9687654 .5663439 .7334879 5.0806664.8808864.962098   .973331  .569232  .729563
 .4211400 .3728668 .0957224 4.9896644.9671515.017377   .415585  .367874  .104388
 .3024824 .0489547 .1515088 4.8746844.8991044.978345   .298977  .054556  .146636
 .6959375 .8457406 .9489235 4.9988655.1163105.091580   .701968  .845600  .964011
 .5459768 .3547503 .7954850 5.0023445.0983674.975222   .554137  .352498  .814332
 .9956377 .5225029 .0532418 4.9882615.1997104.948724   .988182  .529963  .053341
 .5568337 .0794088 .7892653 5.1725004.8895874.935074   .557915  .069727  .806292
 .2398267 .9311574 .0562263 4.8965084.9609684.991967   .248015  .922919  .054779
 .4895309 .9459379 .2233986 5.0648525.1527854.916371   .486119  .938861  .227933
 .1169375 .9745656 .4100592 5.1663385.0669835.014947   .119458  .974849  .413984
 .2800923 .9983469 .4588189 5.1308395.0146545.173843   .277947 1.005260  .451081
 .6600939 .6744757 .9877005 5.0446064.8783595.018888   .662265  .676492  .991206
 .9361319 .3783207 .1326373 5.1215415.0161414.972185   .932722  .387980  .130566
 .9704038 .0695484 .6640415 5.0554914.9312964.913230   .971640  .071059  .682294
 .3599732 .9778027 .3231758 5.0965764.9897515.054530   .355118  .973965  .323512
 .2305182 .5904107 .7880742 5.0488135.0151484.915915   .232172  .601378  .785892
 .3754180 .7396858 .1452899 4.9775734.9591844.986175   .375640  .743044  .134147
 .8299916 .0589644 .7189918 5.0846995.0071235.001357   .835086  .028565  .733668
 .9243090 .1877516 .8836330 5.0419945.0925184.950532   .920105  .187595  .883915
 .8770081 .4207623 .5348696 5.0265425.0297515.107618   .886185  .420761  .543607
 .2169970 .7545045 .5775731 4.9538465.1062804.956250   .210343  .767125  .573166
 .5143927 .0878423 .3279402 4.9814684.9634094.943477   .522650  .086063  .338275
 .9077016 .2850931 .6069086 4.9395905.0827274.938869   .917854  .279891  .599953
 .3080535 .4234595 .9908593 4.9796334.8394565.084680   .306142  .419783 1.008408
 .8951859 .8445410 .1662958 5.0101604.9993395.004680   .899102  .849544  .169837
 .8940394 .3402517 .8890154 4.8910215.0378504.952408   .879281  .349648  .873718
 .3116824 .1337850 .3527551 4.9910664.9840914.940261   .304734  .139689  .346651
 .8781376 .9864685 .5670014 5.0043895.0034814.892758   .891029  .980829  .570816
 .1088560 .0154325 .7063718 5.0355835.0583084.963930   .104661  .011368  .709548
 .5746038 .7202366 .2692906 5.0544605.0676435.013246   .577378  .714730  .269909
 .9381177 .5376928 .2221033 4.9939814.9987014.996933   .935097  .543599  .225729
 .0403010 .3750888 .0170530 4.9485334.9461094.828220   .028561  .371391  .013370
 .2243776 .1697558 .2286248 5.0789395.1940945.046416   .222637  .174026  .226240
 .6494369 .4811837 .4185346 4.9496564.9930504.923860   .646625  .477615  .409800
 .0919735 .2246842 .0556236 5.0485124.9933815.031422   .088122  .216201  .042627
 .3236139 .7054843 .7130421 4.9168995.0494844.987727   .336964  .687832  .704362
 .0058043 .4324069 .8146884 4.8792745.0356215.083382   .003703  .438950  .813367
 .0301718 .7937425 .1667262 4.9605885.1158705.087417   .030061  .779354  .169645
 .3591362 .1675760 .5910540 5.0358054.9523735.100849   .372980  .158575  .596286
 .9757972 .2696914 .7531062 5.0302965.0578395.083070   .976685  .269759  .758925
 .1503437 .2457580 .5160001 4.9767854.8634654.976904   .144822  .257902  .520287
 .0045975 .1079340 .9890272 4.9852814.8960084.971459   .001932  .108553  .989848
 .1650386 .8702249 .2780181 5.0247954.9716804.935207   .166032  .879419  .286673
 .4538672 .1527377 .9872833 4.8362385.0561495.101374   .466255  .157638  .988804
 .1267923 .8328094 .0319632 4.9070325.0226304.947493   .119950  .832414  .034543
 .2267744 .8205672 .4154362 4.9139835.0444124.963778   .234376  .816097  .410611
 .8226437 .8052120 .7620391 4.9809654.9978464.985649   .820421  .809642  .753721
 .1888086 .4720904 .8936828 5.0512974.9008724.794595   .206093  .481671  .892777
 .4233116 .6015897 .4547511 4.8610414.8966274.917105   .422038  .596770  .447326
 .4181901 .4541857 .5146115 5.0940475.0441765.206225   .418811  .453362  .511758
 .0763864 .4448158 .1623679 4.9898994.9313274.867289   .073497  .447470  .150229
 .1171291 .4985625 .7337756 4.9495584.9614884.996724   .120649  .498445  .737901
 .9517446 .6642615 .1167287 5.0679984.9874075.039604   .942646  .664970  .119577
 .0699718 .9959243 .2625879 5.0688055.0074305.075702   .068990  .995995  .266618
 .2694961 .3635568 .5004957 5.0159154.9899585.034887   .263567  .359667  .499244
 .3324837 .8903583 .1736407 4.9645854.8078285.125216   .346473  .897990  .169722
 .3173310 .8570591 .5348252 4.9324325.0201484.994629   .315644  .868316  .528209
 .0259029 .1070664 .1512904 5.1671895.0167415.054643   .012866  .095807  .149971
 .8508710 .2898624 .4282352 5.0946515.0863635.110994   .862982  .288628  .430652
 .0370187 .9449873 .1055563 5.0581824.9166375.096641   .031175  .940101  .113923
 .9009083 .5590730 .3783089 4.9282994.9902725.017238   .895990  .560986  .380993
 .6930555 .8123046 .2766314 4.9015175.0350054.960817   .679249  .829199  .291242
 .1250949 .6597376 .5031089 4.9558934.9814175.091850   .126458  .673820  .488069
 .0180520 .4598470 .3451004 5.1071124.8648615.106354   .018821  .465069  .334050
 .4862577 .2372847 .5300623 4.9724284.9923345.075360   .496531  .225916  .532909
 .3579831 .2752707 .9868019 5.0418325.0158945.001704   .357418  .267833  .982614
 .1404552 .3880093 .4236901 4.9872524.9843815.042469   .137365  .390908  .415884
 .4045964 .4114276 .7915910 4.8849445.0991724.917777   .418134  .408812  .791627
 .5319930 .8816610 .5502947 5.1301004.9902635.099222   .516890  .872425  .549659
 .8470088 .7448093 .9726573 5.1156964.9147105.063027   .851236  .746731  .980573
 .7908503 .9470098 .8586916 4.9032545.1060854.979776   .800766  .945480  .876998
 .1834788 .4836461 .0643604 4.9552305.0115475.057068   .181188  .501839  .060745
 .2202162 .0229077 .2980864 4.9568294.9896145.159845   .216179  .026957  .294565
 .5070631 .4957947 .3793819 4.9267315.0646925.109153   .509089  .480981  .378084
 .3525421 .5468426 .7129316 4.9863984.9925405.063475   .344201  .525603  .707705
 .9170624 .8604566 .8731239 4.9270105.1149615.003265   .915258  .864746  .875317
 .7592391 .8628788 .1346087 4.8532005.0002095.140195   .755061  .871666  .147538
 .7703457 .3018267 .5700672 4.9684474.8775045.130560   .779307  .308542  .567963
 .7636821 .7520470 .5000248 4.8266424.8487585.020292   .784472  .738392  .504094
 .2011817 .5194265 .2320613 4.9987564.8843844.922785   .197587  .521317  .222474
 .9057541 .9266967 .7208412 5.0365745.0182994.967566   .926826  .916822  .719104
 .8276621 .0056248 .1353642 5.0836894.9722655.004109   .821304  .012839  .136409
 .9276306 .0198273 .8619637 4.7911904.9781844.930844   .934469  .023921  .867465
 .0199849 .6389338 .3906648 5.0367764.9471535.055604   .019780  .643702  .376454
 .4116538 .0595543 .7751020 5.0253025.0460454.900081   .419366  .045138  .767836
 .5257016 .6543275 .1230360 5.0453704.9487205.025321   .523905  .644571  .129471
 .4124176 .8276826 .2951588 5.1040704.8882105.109663   .408701  .821822  .291616
 .4436187 .8054583 .6616226 4.8278064.9815114.932792   .433498  .809917  .672890
 .5888477 .1110324 .9573484 4.8561175.0547375.013036   .594038  .084887  .971294
 .9482637 .2247264 .0886649 5.0455664.8602195.132110   .949141  .232018  .098022
 .0648592 .2663370 .8964102 5.1049714.9701405.011716   .065524  .272916  .892992
 .7525448 .3471056 .3116287 5.0773994.9278694.866952   .746562  .344376  .327861
 .0924275 .1695166 .6547007 5.0366194.9469965.034240   .094011  .163948  .657939
 .1536927 .0467664 .1489392 4.9611675.0272325.058301   .150962  .044829  .146818
 .6640542 .6953043 .4008534 5.0663674.8953644.949228   .677621  .696568  .392848
 .0154562 .9369448 .5432953 4.9982074.9837225.108946   .023886  .935617  .543770
 .4268164 .5508995 .0464245 5.0808664.9865324.980597   .422395  .546371  .042065
 .1943868 .9340311 .5904840 4.8716294.9860794.897545   .190868  .941820  .590306
 .2271138 .2706618 .3687598 5.0444394.8945145.133062   .218727  .264587  .374934
 .6963814 .5895009 .5300700 5.0474805.0038085.012766   .698866  .581751  .520442
 .7147057 .5369059 .0343814 4.9265325.0189905.041728   .714213  .530474  .036007
 .3756473 .5552315 .8769217 4.9275445.0159214.951573   .378340  .546542  .878064
 .7850192 .2298494 .9265963 5.0176375.0224254.860962   .783922  .235373  .925352
 .8106796 .5892198 .1571627 4.9962884.9717964.973744   .804008  .580225  .175013
 .3014487 .6928895 .4610436 4.9368265.0148855.041379   .302086  .691030  .470755
 .5615082 .3569429 .1200288 4.8540714.9600214.938201   .555620  .348761  .119055
 .0870411 .8505431 .6894758 4.9993125.0346564.963438   .089464  .851271  .692460
 .5704102 .5372241 .0233341 5.0635385.0474845.010482   .568986  .532625  .022229
 .6746315 .2861148 .1885406 5.0707925.0510345.107218   .677876  .285189  .187453
 .2967382 .5193874 .4624469 4.9678004.9504524.992116   .299360  .522861  .468648
 .8171279 .2932975 .0775881 4.8976255.0404354.989435   .818057  .293772  .074838
 .3265308 .6561722 .9991971 5.0344344.9883314.990222   .322062  .655764  .991002
 .6117537 .3914507 .2895080 4.9659145.1297195.139939   .603882  .380350  .291687
 .6505593 .9830062 .8706543 4.9667125.0595525.109088   .652754  .967234  .872529
 .0018003 .3823113 .4831965 5.0510365.1803415.096705   .008925  .385828  .474938
 .2788453 .7700351 .2687481 5.0427714.9846724.927527   .276448  .777935  .258219
 .8357056 .6446234 .7669357 4.8703804.9909395.091237   .832650  .657583  .774786
 .0969237 .5919379 .8650238 5.0052515.1222515.014751   .097564  .586938  .869398
 .0341860 .2933608 .3454716 4.9086584.9708634.847116   .035335  .306049  .332499
 .3328101 .2853432 .2614449 4.9358325.0886145.011224   .317129  .298637  .257634
 .4552466 .3873331 .9406125 5.1369955.1514245.078138   .453427  .382568  .949069
 .8829722 .5100022 .8552472 4.8948825.0432225.009955   .881361  .519609  .835761
 .8862885 .4091459 .3174730 5.0774554.9868784.977255   .881045  .412194  .318876
 .4587903 .0849290 .4833966 4.9117425.0876044.999357   .453228  .071576  .490951
 .9698713 .7689651 .7177681 5.0089674.9225704.928998   .969145  .756999  .717909
 .9740970 .5434786 .5195848 5.0485454.9243784.880976   .982354  .543987  .514271
 .2855712 .1192067 .7339022 4.8896985.0980884.946534   .287411  .104850  .737118
 .3341597 .4582423 .2359346 5.0595094.9099355.124181   .339958  .472753  .226463
 .0733426 .7496679 .8311626 5.0508544.9193314.934463   .077263  .738494  .820747
 .8876060 .8629326 .4638118 4.9139455.0445474.943629   .899996  .857727  .457660
 .3917353 .2028251 .9316810 4.9691004.8479885.034139   .404890  .198472  .930495
 .7537689 .2376651 .0280152 4.8778534.9392934.877020   .754633  .244766  .023398
 .3191076 .9619754 .1017390 4.9797964.8214345.102784   .321236  .967335  .101042
 .2049015 .7914120 .3193419 5.0272075.0287574.971454   .206422  .796108  .317467
 .2136060 .8395171 .0156223 4.9736555.0850614.962572   .207693  .839628  .015369
 .7280529 .5462937 .1389134 4.9680874.9780784.970775   .718988  .539852  .146090
 .7941498 .0583192 .0593012 5.0764434.8596115.011457   .785144  .060925  .053779
 .4900526 .4031061 .1651171 4.9988895.0182755.142621   .484578  .391289  .165213
 .9461701 .7615630 .1801647 4.9494744.8930345.056551   .941796  .762710  .185544
 .6439830 .5731098 .9786980 5.0302774.9975295.044179   .643180  .573083  .976944
 .8790145 .9426318 .8266092 4.9459525.0382945.028466   .885498  .946751  .824673
 .0510213 .0937232 .7075139 5.0672464.9618965.017951   .055730  .095101  .717087
 .6628428 .7549093 .9229969 4.9161454.9939434.961949   .662794  .760021  .930625
 .6892589 .3693927 .2424724 5.0563444.9464004.876505   .684417  .368443  .248383
 .8527135 .3209048 .5263168 5.0156404.9742635.161683   .863792  .323974  .527497
 .5146620 .8597712 .6520761 5.0580914.9662005.090137   .510260  .856721  .656208
 .0065343 .2184260 .8318768 4.9828685.0070524.958357   .008647  .221111  .834214
 .2174210 .4289362 .9805819 5.1075305.0236425.032041   .218131  .439610  .985134
 .8564142 .7753233 .5066092 5.0157135.0833844.972913   .872787  .767488  .505906
 .6472311 .5044172 .5176759 4.9898395.0065845.021516   .646805  .503830  .506966
 .0498749 .0065547 .4726348 4.9747504.9407924.883880   .056686  .006793  .478397
 .6299208 .7661031 .3386681 4.9501814.9598675.123331   .627807  .762367  .337558
 .5123912 .0435983 .4138444 5.0974975.0280604.991012   .510283  .035668  .422311
 .6828829 .8431723 .1798178 5.0341315.0197464.919602   .674772  .856869  .190125
 .2970799 .0330337 .3664044 5.0572635.0159315.025378   .294841  .041254  .353471
 .9164188 .4204691 .8297829 5.0078874.9810315.021014   .913252  .428443  .819603
 .0466026 .6716705 .8936812 4.9870654.9741965.013651   .048467  .671227  .888720
 .1473366 .9264096 .6831302 4.9226094.9657934.977552   .146745  .927929  .680071
 .2267358 .0742639 .2045544 5.0024734.9723834.949817   .220851  .080323  .197775
 .9509688 .6138054 .4467073 4.9910125.0521874.986455   .952903  .609762  .439784
 .9356962 .0907397 .9309513 5.0287934.9747854.988355   .932048  .099180  .929874
 .0263716 .6171968 .0722258 5.0879675.0039704.977803   .019057  .623238  .076405
 .5989498 .6826309 .1758586 5.0592055.0129474.951264   .594818  .685937  .171793
 .8892033 .2892404 .1383859 4.8297995.0485224.940258   .890643  .297339  .144165
 .3949880 .6070485 .9642621 4.9605475.0294974.903181   .391760  .599069  .963874
 .0974658 .3028066 .9868744 5.0029724.9616464.958285   .094322  .299290  .986042
 .5771198 .0433457 .8813042 4.9406085.0830464.979200   .581135  .022319  .892905
 .5461235 .9584930 .1413253 5.0355675.0027734.945382   .538458  .959414  .152539
 .8951349 .8240662 .7061610 4.9704055.0664915.087578   .899604  .820425  .707523
 .6301557 .7231716 .6662923 4.9579055.0543185.011708   .634334  .717091  .654740
 .6920515 .6936874 .5002818 5.0585695.0840175.036250   .707469  .686040  .494154
 .0898502 .7018538 .4131936 4.9514054.9942175.027804   .086971  .707871  .396989
 .7213049 .9396401 .9234728 5.0242504.9795185.013199   .721074  .935984  .930020
 .8932930 .6145081 .1857766 5.0767005.0062365.116859   .884644  .618726  .194386
 .0454905 .8453058 .0817987 4.9502044.9725545.054804   .042419  .842387  .086449
 .5817620 .5598931 .7766249 4.9465864.9405724.982673   .580835  .565290  .773544
 .9381370 .4907746 .3169807 4.9610895.0571545.010398   .934651  .495214  .312585
 .1955198 .3156482 .4539063 5.0154604.9697645.009535   .191369  .318018  .455231
 .9016697 .3011219 .7050871 5.0043375.0011284.830278   .904672  .295841  .700540
 .4643730 .3510035 .8426888 5.0192534.9302374.988002   .473584  .348440  .852781
 .2830541 .6129143 .7066239 5.0902964.9956665.058209   .283353  .605612  .695266
 .0606035 .7567888 .7268476 4.8977174.9929115.074940   .058301  .762922  .722155
 .3843902 .7781746 .7308941 4.9332934.8880324.916500   .383063  .765120  .744014
 .0176285 .1695649 .0713557 4.9801075.0612844.967832   .013648  .163560  .074522
 .5770235 .4288518 .3770953 4.8893725.0259814.975506   .577216  .414268  .381512
 .4061802 .5115353 .7912464 5.0004215.1791025.014059   .403721  .509523  .784609
 .2769222 .9472222 .5475866 5.0575004.8902794.981921   .273153  .956176  .543673
 .5916754 .3809769 .7119107 5.0277764.9595245.013249   .587959  .378356  .721828
 .3530511 .8017576 .2220808 5.0236644.8481784.932832   .356681  .802237  .215526
 .3688627 .3738074 .2796451 4.9655405.0073575.002603   .366648  .384514  .273809
 .4631291 .9206846 .9876253 4.9995764.9559104.888593   .465182  .917101  .995121
 .5069963 .5653298 .0901557 4.9611955.0146794.928547   .502622  .555115  .090809
 .0498493 .3776929 .3939564 5.0013945.1147824.959982   .052327  .385475  .386069
 .4842694 .7529662 .8988349 4.9297734.9895624.999801   .484347  .751888  .907446
 .1404951 .9596051 .3139964 4.9691245.0475954.985896   .139594  .966326  .317185
 .0639403 .0183896 .1635852 4.9808514.8709475.039924   .060478  .017316  .165275
 .2906494 .5460091 .2385976 4.8726715.0472214.995784   .281006  .554044  .234195
 .6141747 .2802364 .1079049 4.9314485.1293574.935663   .620125  .280914  .103624
 .6894262 .3236894 .5951470 4.9224744.9847044.899765   .696563  .326079  .604955
 .4367259 .9257661 .3047865 4.9398635.0402655.028117   .427850  .917700  .308789
 .9084721 .5986073 .8071442 4.8993684.9990434.966450   .908680  .607501  .796102
 .3346704 .6034204 .4260730 4.9312144.9790804.999055   .333126  .602800  .424358
 .4908203 .0487262 .7291952 5.0025425.0368855.041821   .503535  .044601  .728320
 .4773589 .5202593 .4758689 5.0795255.0526674.927927   .475383  .522336  .463589
 .8389255 .9089779 .1183066 5.0329055.0239484.980390   .835921  .905175  .123072
 .4453336 .1522662 .5617056 4.9795785.1017594.986166   .456025  .141923  .568737
 .3363337 .4246862 .4724395 5.0620755.0062015.005286   .331199  .430270  .469567
 .2688655 .7769914 .4982966 4.9180255.0391164.897591   .272241  .784157  .499055
 .2742445 .2137859 .3046590 5.1247355.0962435.095175   .267957  .225065  .298838
 .1332536 .1594450 .5605561 5.0210574.9483484.955921   .135799  .165805  .568995
 .1598595 .5357248 .8208557 4.9937275.0111924.998309   .164618  .539552  .820455
 .5498436 .3073724 .5343133 4.9410855.1060845.059866   .551858  .301150  .545199
 .3278522 .0725304 .8153121 5.1047954.8982255.060431   .338231  .062950  .817084
 .8507650 .2511139 .8678697 5.0448784.9989264.967344   .851150  .250298  .859234
 .2972154 .1082018 .6327035 5.0312784.9996265.042780   .298979  .107811  .635430
 .0267082 .4835009 .7268220 4.9929734.9870965.003075   .030633  .486611  .722356
 .0087250 .4315345 .0972681 5.0479594.9678244.972492   .002017  .436510  .088995
 .5524386 .9038643 .4558042 5.0747265.0314535.003294   .545040  .890253  .458257
 .1432616 .5111497 .1566801 5.0087815.0211045.084579   .137719  .526322  .146922
 .3077647 .6908855 .0951665 5.0362335.0040615.069901   .302924  .690829  .088523
 .3827439 .3710419 .0046144 4.9799715.0179374.983830   .382117  .365600  .011068
 .5313768 .1283066 .0350033 4.9718365.0317274.984619   .538086  .122057  .041371
 .8991608 .8194860 .9627690 4.9371884.9594785.047048   .899045  .831882  .971302
 .1672660 .6689346 .5945813 5.0550535.0608735.058334   .159001  .682066  .584257
 .7755181 .7184939 .7666642 5.0599584.9961954.917954   .769169  .726265  .764728
 .8929396 .0159967 .6648621 5.0587075.0223474.960621   .902509  .010470  .667179
 .9674964 .4450187 .5507666 5.0505215.0449805.039547   .974614  .444756  .543073
 .8414982 .3208588 .3275164 5.0038105.0334025.037129   .841485  .321201  .332843
 .2702317 .8949005 .8276354 5.0919864.9598505.076405   .267752  .890203  .830301
 .9316258 .9400479 .4993574 5.0248794.9831314.997441   .938769  .938113  .494989
      1000  300   0 971025
